,city,temp_max,humidity,clouds,windspeed,lat,lng,country,date
0,hermanus,68.0,86,13,5.08,-34.4187,19.2345,ZA,1612818012
1,kaitangata,60.6,90,100,3.38,-46.2817,169.8464,NZ,1612817644
2,albany,25.0,40,85,2.59,42.6001,-73.9662,US,1612817894
3,kozhva,-13.77,89,100,6.31,65.1073,57.0459,RU,1612818030
4,puerto ayora,80.6,78,75,8.05,-0.7393,-90.3518,EC,1612817825
5,mataura,60.39,85,100,2.33,-46.1927,168.8643,NZ,1612817888
6,barrow,-32.8,84,1,9.22,71.2906,-156.7887,US,1612818030
7,launceston,53.01,76,0,11.5,-41.45,147.1667,AU,1612818031
8,cap malheureux,77.0,82,19,1.99,-19.9842,57.6142,MU,1612818031
9,hilo,78.8,53,20,3.44,19.7297,-155.09,US,1612818018
10,tamandare,79.5,74,1,8.41,-8.7597,-35.1047,BR,1612818031
11,bethel,28.0,36,1,4.61,41.3712,-73.414,US,1612817464
12,fairbanks,-13.0,84,1,6.91,64.8378,-147.7164,US,1612817827
13,pekan,75.2,88,20,3.44,3.4836,103.3996,MY,1612818032
14,nador,60.8,72,40,9.22,35.174,-2.9287,MA,1612817913
15,belomorsk,9.73,96,99,4.99,64.5232,34.7668,RU,1612818032
16,narsaq,39.2,28,75,39.12,60.9167,-46.05,GL,1612818032
17,himatnagar,57.2,72,0,5.08,23.6,72.95,IN,1612818033
18,port elizabeth,68.0,77,40,10.36,-33.918,25.5701,ZA,1612817886
19,souillac,78.8,78,40,6.91,-20.5167,57.5167,MU,1612818033
20,sosua,82.4,74,20,17.27,19.7667,-70.5167,DO,1612818029
21,sorong,80.33,81,100,0.89,-0.8833,131.25,ID,1612818033
22,ushuaia,60.8,55,0,11.5,-54.8,-68.3,AR,1612817891
23,mar del plata,66.2,68,75,18.41,-38.0023,-57.5575,AR,1612817768
24,porto novo,84.2,84,20,12.66,6.4965,2.6036,BJ,1612818033
25,new norfolk,54.0,71,30,1.5,-42.7826,147.0587,AU,1612817909
26,wenceslau braz,78.01,66,0,5.01,-23.8739,-49.8028,BR,1612818034
27,avarua,84.2,79,21,6.91,-21.2078,-159.775,CK,1612818034
28,juneau,15.8,35,90,20.71,58.3019,-134.4197,US,1612817788
29,castro,69.84,78,18,4.63,-24.7911,-50.0119,BR,1612818008
30,norman wells,-29.2,75,1,9.22,65.282,-126.8329,CA,1612818035
31,tawang,35.55,51,0,6.87,27.5833,91.8667,IN,1612818035
32,punta arenas,69.8,46,0,21.85,-53.15,-70.9167,CL,1612818019
33,iquitos,87.8,66,75,4.61,-3.7481,-73.2472,PE,1612818009
34,vaini,78.8,94,90,10.36,-21.2,-175.2,TO,1612818036
35,whitecourt,-20.2,23,20,16.11,54.1502,-115.6855,CA,1612818036
36,sitka,24.8,58,90,13.8,57.0531,-135.33,US,1612818036
37,salmo,28.4,34,0,13.8,49.1999,-117.2689,CA,1612818037
38,airai,60.48,100,100,2.89,-8.9266,125.4092,TL,1612818037
39,tiksi,-25.47,87,100,5.44,71.6872,128.8694,RU,1612818024
40,butaritari,81.79,83,73,20.18,3.0707,172.7902,KI,1612817524
41,cape town,71.01,78,20,18.41,-33.9258,18.4232,ZA,1612818014
42,rikitea,77.49,70,29,5.55,-23.1203,-134.9692,PF,1612818026
43,yellowknife,-29.2,68,90,19.57,62.456,-114.3525,CA,1612817894
44,yulara,84.2,24,71,13.8,-25.2406,130.9889,AU,1612818038
45,miri,75.2,100,40,2.3,4.4148,114.0089,MY,1612817778
46,kodiak,32.0,69,1,13.8,57.79,-152.4072,US,1612818038
